/****************************
*Description File of a Code *
******************************/

/*vnodednum and cnodenum*/
    512     256

/* vdegreesnum and cdegreesnum */
      2       1

/* vmaxdegree and cmaxdegree */
      3       6

/* list of vnode degrees */
  2   0
  3 512

/* list of cnode degrees */
  6 256

/*description of vnodes *
* in the following format *
* vnodedegree          *
* tonode tosocket...  */
  3     161       5      131       3       34       3  
  3     241       4       70       3       71       4  
  3     184       1       75       3      200       1  
  3      99       4       20       2       52       2  
  3      18       2       23       5      136       1  
  3     252       1      227       1        4       1  
  3      18       4      153       2       96       2  
  3     138       5      122       3      209       0  
  3     234       5      238       5        4       3  
  3     255       3      228       5      169       0  
  3      61       4      203       0      122       5  
  3     247       1      104       4      235       1  
  3      26       1      200       0      153       5  
  3     112       2       62       4      229       5  
  3     194       1      141       2       27       4  
  3      31       5      160       4      183       3  
  3     114       5      145       5       91       5  
  3      59       5      122       0      105       0  
  3     220       4      231       3      167       0  
  3     195       3       48       2       88       1  
  3      44       5      221       4      154       0  
  3     109       4      187       4      104       0  
  3      60       5      161       4      201       2  
  3       5       3      156       3      248       4  
  3     223       4      221       1       74       2  
  3     249       3      137       4       70       2  
  3      96       3       37       2      242       4  
  3      15       4       87       0      160       3  
  3     120       2      113       2       33       3  
  3     170       1      125       5      112       1  
  3      58       1      235       0      179       5  
  3     116       1      193       3       58       4  
  3     240       0      159       0      222       0  
  3     130       2      236       1       68       1  
  3     165       3      223       1       89       2  
  3      32       4       74       5      147       3  
  3     198       5      219       3      217       3  
  3     203       2       89       3      118       4  
  3      82       5       10       3      212       4  
  3      40       0      152       0       58       5  
  3     154       4       44       3       81       1  
  3     165       2      189       2       59       4  
  3      16       0      120       5      166       0  
  3      93       2      247       2       28       0  
  3     232       0       84       2      232       1  
  3     158       5      126       3        6       3  
  3       4       0      228       0      239       1  
  3      21       1      251       0      175       0  
  3     189       3      144       1      149       5  
  3      99       0      150       1      104       3  
  3     145       3      139       5       44       2  
  3     142       0       63       3      127       4  
  3     122       1      193       2       64       4  
  3      41       5      132       5        8       1  
  3     140       0       51       5       49       2  
  3     174       2      207       3      134       3  
  3     232       4      254       5       66       3  
  3      64       2      210       4      239       4  
  3     247       0       55       1       21       2  
  3     247       4       45       0      231       0  
  3       0       1       10       5      191       1  
  3      43       2       24       3      195       5  
  3     230       4      194       5      242       1  
  3      81       4       53       4      185       3  
  3     196       4       78       5      217       5  
  3     188       5      179       3       31       2  
  3       7       4      192       0      119       0  
  3     151       1       16       2      214       1  
  3      72       3      165       0       68       3  
  3      40       5      127       3      201       1  
  3      90       1      245       0       17       0  
  3     220       1       40       2       33       4  
  3      57       4      214       5      159       3  
  3      85       1      171       4      209       3  
  3     235       4       62       1        9       5  
  3     237       0      179       2      211       5  
  3     132       2        9       4       23       3  
  3      40       4      106       2       29       1  
  3     219       5       55       2      163       4  
  3     115       2       96       4      157       3  
  3      73       2      204       5      185       2  
  3      21       4        7       1      203       5  
  3      76       4      225       5      238       0  
  3      93       0      241       3        0       4  
  3     229       4       53       2      156       0  
  3     143       4      169       1      231       4  
  3     109       1      224       1      106       4  
  3       7       2       19       2       78       2  
  3      39       4      230       0      199       3  
  3     141       5      115       3       55       3  
  3      59       1      155       3       10       1  
  3     129       1       48       0      142       1  
  3      35       4       88       3      181       5  
  3       5       0      150       0      206       0  
  3      42       0      168       4       14       1  
  3      67       1      177       2      102       1  
  3      15       5      131       5        2       3  
  3     144       2      137       0       20       5  
  3      82       0      183       4      172       4  
  3     208       1       78       0      233       0  
  3     218       3      247       3      125       3  
  3     218       1       45       2      223       0  
  3     146       0      147       0      251       5  
  3      92       5        1       4       26       5  
  3      86       0      219       0      224       0  
  3      22       1      253       0       30       3  
  3     117       5      176       2       61       0  
  3     253       4      215       0       96       5  
  3       9       3      107       4      132       4  
  3     208       4       97       4       65       3  
  3     154       2      102       5      178       4  
  3     180       5      136       5      108       5  
  3       6       4       82       1      162       5  
  3     194       4       77       5       29       3  
  3     245       2      106       0       63       2  
  3     148       4       27       2       91       2  
  3     188       2       12       2      105       1  
  3     108       3      117       3       34       4  
  3     164       4      216       3      183       5  
  3     222       3       14       0      184       5  
  3     176       5      203       3      235       2  
  3     211       1       27       0        1       5  
  3     186       0      146       5      249       4  
  3      19       0      223       5       89       4  
  3     196       5       89       5      111       3  
  3      63       1      206       3      241       5  
  3     127       1       39       0      228       4  
  3     246       5      214       4      226       3  
  3     190       2      120       4      101       0  
  3     218       0       79       2      137       3  
  3     144       4      175       4      105       3  
  3      95       3      134       0      115       5  
  3     235       3       41       0       43       4  
  3     101       2      249       1      164       3  
  3      22       0      159       5        2       0  
  3      33       1       90       5       65       1  
  3     206       1       23       0       30       0  
  3      80       0       94       1      252       0  
  3      73       0      229       2       26       3  
  3     113       4      130       3      248       2  
  3      64       1      101       5       53       1  
  3      63       5      195       4       55       5  
  3      93       5      220       0      155       4  
  3     190       4      202       1      183       0  
  3      28       4       24       1      135       1  
  3      98       3      175       1      140       2  
  3      74       3      123       5       70       5  
  3      97       0        2       5      209       1  
  3      53       3      228       2       83       2  
  3     172       0      252       3      198       2  
  3      24       4      166       5      243       4  
  3     203       4      153       1      101       4  
  3     221       5      196       0      135       3  
  3      35       5      189       0       87       2  
  3     224       2      157       2       75       4  
  3      69       5      150       3      237       2  
  3     132       3        3       0       79       4  
  3     114       4      154       1      229       1  
  3      61       1       50       3      105       4  
  3     187       5      100       0      183       1  
  3      13       4      123       1       81       3  
  3     214       3      192       3      226       0  
  3      85       2      228       3       93       1  
  3     135       2      210       5        8       4  
  3     229       0      249       2      112       0  
  3     181       2      116       0       82       3  
  3     138       3      248       1      212       2  
  3     139       1      161       2      112       4  
  3      79       0      125       0       32       0  
  3      94       3      245       1      114       1  
  3      62       0       20       1      155       5  
  3     243       3       98       2      227       0  
  3     204       1      213       4      182       4  
  3     100       5      174       1       11       4  
  3     190       1      207       0       70       4  
  3     182       2      163       1       80       1  
  3       5       2       31       1      151       2  
  3     139       3       72       1      222       1  
  3      14       4      210       1      217       0  
  3     213       5      106       5      192       5  
  3     108       0       99       1       58       0  
  3      84       3      238       3      132       1  
  3      56       5      235       5      147       1  
  3     117       4        7       0      180       2  
  3      38       2       24       5      138       0  
  3      40       3       45       4      192       4  
  3      48       3      177       0      174       0  
  3     239       0      187       0       29       5  
  3      92       0       80       2       75       2  
  3     204       0      186       5       61       2  
  3     119       2       65       0      169       3  
  3     153       4       28       1       56       2  
  3     249       5       12       4        2       1  
  3       3       5       47       2      131       0  
  3     247       5       34       1      236       5  
  3      65       4      115       0      107       3  
  3     201       0      191       3       94       2  
  3      19       4      167       4      193       0  
  3       1       1       25       2       56       3  
  3      36       2      202       5      118       3  
  3     252       5      174       5       94       5  
  3     202       4      225       2       38       3  
  3     254       0      241       1       38       5  
  3      38       4      104       1       61       5  
  3     161       3       25       3      109       2  
  3     234       4      111       0       41       2  
  3     133       0      121       0       73       3  
  3     177       4      224       4        9       2  
  3      68       2      124       2       88       4  
  3     133       5      123       2       62       3  
  3      87       3      191       4       71       1  
  3      39       3      208       3       64       3  
  3      97       1      193       5      140       3  
  3     130       0       60       3       70       1  
  3     254       3       84       1      228       1  
  3     168       0      103       1      115       1  
  3      92       1      207       1       87       5  
  3     244       0      246       2       37       3  
  3     227       4      134       2      154       3  
  3      82       4       33       0       87       4  
  3     188       4       25       0       60       1  
  3     164       0      217       2      232       3  
  3       0       2      128       3      171       0  
  3      36       5      114       3       15       2  
  3      44       0       65       2      155       0  
  3      19       1       39       1      166       4  
  3      11       1       41       1       12       3  
  3     225       3      176       1       63       4  
  3      98       1      243       5      166       2  
  3     131       4      150       4      238       4  
  3     172       3       11       0       17       3  
  3      89       0      132       0        8       3  
  3     162       3       85       4      166       1  
  3     222       4       57       0       66       4  
  3      37       4      158       4       69       0  
  3      75       0      107       1      173       5  
  3     136       2       11       2       49       5  
  3       9       0      179       1      167       2  
  3     254       4       65       5       68       4  
  3     185       1       88       5       57       5  
  3     114       2      216       1      231       2  
  3     126       2      156       5       49       0  
  3      37       0       74       0      131       1  
  3      83       4       36       4       43       1  
  3     233       5      233       1       48       4  
  3      15       1       23       2       93       3  
  3     216       4       77       3      250       3  
  3     207       4       60       2      242       3  
  3     230       3      171       3      172       5  
  3      36       3       90       2       39       2  
  3     255       0      224       3      182       1  
  3     243       0      145       2      194       2  
  3      96       0      184       2       49       1  
  3     102       3      172       2       55       4  
  3     226       4      232       5      225       1  
  3     192       1      219       4      192       2  
  3     189       1       21       5      232       2  
  3     244       1      125       1       73       5  
  3     188       0       77       4      208       2  
  3      29       4      250       2      110       5  
  3     199       4      240       2      175       2  
  3     215       5      129       3      180       1  
  3     221       2      198       1      156       1  
  3      98       0       10       0       71       2  
  3     243       1       20       3      255       5  
  3      34       5      121       1       35       0  
  3      28       5      152       4      224       5  
  3     119       5      133       1      203       1  
  3      66       2       59       2      146       2  
  3     110       2        3       2      129       5  
  3     128       0       43       3       34       0  
  3     140       5      178       5       21       0  
  3     248       5      143       2      245       3  
  3     136       3       95       5      191       0  
  3     168       3      127       5      195       2  
  3     130       1      145       4      143       3  
  3     125       2      226       2       31       3  
  3       8       2      124       0      243       2  
  3     221       0       15       0      105       5  
  3      83       0      236       4       94       4  
  3      77       0      215       4      171       5  
  3     212       3       97       2      152       1  
  3      67       5       58       3       79       5  
  3      29       2       43       5       67       4  
  3     135       0       71       0      109       3  
  3     103       2      103       5      198       0  
  3     119       4       50       5        4       4  
  3     162       0      163       0       82       2  
  3     170       4      227       3      123       0  
  3      51       1       35       2      111       2  
  3     168       2      214       0       44       4  
  3     227       5      193       4       13       1  
  3     174       4       32       1      230       5  
  3      83       5      109       0       54       2  
  3      69       3      197       0       33       2  
  3     178       2      153       3      252       2  
  3       0       5      180       3       78       1  
  3     223       3      168       1      234       3  
  3     156       2      139       4      165       4  
  3     187       1       60       0      107       0  
  3     190       5      160       5       24       0  
  3     150       5       17       5      251       1  
  3     133       4      162       1      239       3  
  3      12       0       41       3      253       1  
  3      31       0      215       2      231       1  
  3     251       4      126       5      239       5  
  3     223       2      122       2      176       3  
  3     242       0       57       2      116       5  
  3     115       4      236       0       27       5  
  3      22       4      155       1       90       4  
  3      22       2      246       0       46       3  
  3      76       1       85       5       31       4  
  3     158       1      209       2      225       4  
  3      25       5       50       2      200       5  
  3     252       4       83       1        5       1  
  3       0       3      108       2      189       4  
  3      84       4       66       0      118       0  
  3     169       5      148       3      202       2  
  3      51       2       22       5       54       0  
  3     179       4      157       0       24       2  
  3      54       4       71       3        3       4  
  3     156       4      199       5       97       3  
  3     207       5      160       2        3       1  
  3     237       4      158       0      168       5  
  3     136       4      197       5      220       5  
  3     149       4       30       2       67       3  
  3      18       1      181       0       15       3  
  3     197       1      221       3       36       0  
  3       8       5       23       4      184       4  
  3     153       0      105       2       54       5  
  3     236       3       80       4      175       5  
  3     172       1      218       4       72       4  
  3      86       4       46       4       48       5  
  3     134       1      126       4      178       1  
  3     113       3      152       2       12       5  
  3     246       1      167       3        7       5  
  3     118       2      253       3        6       0  
  3     146       4       81       5      240       3  
  3      52       0      218       5      148       2  
  3     126       0       46       0        0       0  
  3     176       4       11       5      206       5  
  3     250       1      103       4      255       2  
  3     128       5       73       4      152       3  
  3      96       1      187       3      244       2  
  3     196       2       45       1      154       5  
  3     138       2       14       3      188       3  
  3      70       0       91       0      250       0  
  3      72       5      173       4       40       1  
  3      71       5      185       0       94       0  
  3     184       0      237       5      194       0  
  3      95       0      186       4      194       3  
  3     215       3      120       0      133       3  
  3      16       1       83       3      109       5  
  3     202       0       69       2       77       2  
  3     163       2      220       2      171       1  
  3     178       3       49       4       76       0  
  3      99       3       47       1       57       1  
  3      98       4       78       4       64       5  
  3      46       1       88       0      103       0  
  3       3       3      176       0      211       2  
  3     147       4        2       2      215       1  
  3      68       5       93       4       67       2  
  3     198       4      225       0       95       2  
  3     205       4      204       4      200       2  
  3     173       1      170       5      129       2  
  3       4       2      124       3       92       4  
  3      77       1       23       1       36       1  
  3     100       1      101       1      127       0  
  3     253       2       30       4      126       1  
  3      42       1      190       0      177       3  
  3     230       1      242       2       91       3  
  3      18       0      113       5      184       3  
  3     222       2      136       0      211       4  
  3      78       3      134       4      199       1  
  3     200       3      237       1       33       5  
  3     111       4      128       2      159       1  
  3     187       2      177       1      130       5  
  3     138       1      179       0       12       1  
  3      76       3      121       4      173       2  
  3     151       3      222       5      167       1  
  3      30       5      135       4      143       1  
  3     162       4      142       2        6       5  
  3     195       0      205       1      244       4  
  3      32       5       14       2      200       4  
  3      47       4      138       4       86       3  
  3      52       5      164       1      160       1  
  3      72       2       17       4      212       1  
  3     146       3      163       3      140       4  
  3     124       5      208       0      213       3  
  3     101       3      216       0       84       0  
  3     130       4      111       1      246       3  
  3       6       1      110       1       86       2  
  3     196       3      186       2      112       5  
  3     148       5      137       5       74       1  
  3      87       1       85       0      137       1  
  3      75       5      217       1      145       1  
  3      69       1      140       1      244       3  
  3     196       1       84       5      118       1  
  3     175       3       37       5      100       3  
  3      68       0      149       3       18       5  
  3     241       2      173       3       86       5  
  3      25       1      191       2      113       1  
  3     135       5      142       4      219       2  
  3      58       2      169       4       61       3  
  3     127       2       51       3      191       5  
  3     238       1      102       2      255       4  
  3     149       1      181       3      129       4  
  3     122       4       95       1       52       4  
  3      21       3      216       2      155       2  
  3      13       2      205       2       19       5  
  3      81       0      248       3        5       5  
  3     189       5      209       5      158       2  
  3     254       1        5       4      161       1  
  3     171       2      202       3       91       1  
  3     197       4      107       5       22       3  
  3      53       5      121       5      144       3  
  3     182       5      182       0      248       0  
  3      42       2      217       4       54       1  
  3      30       1      209       4      208       5  
  3      45       5       69       4       41       4  
  3     159       4      214       2      233       3  
  3     240       1      210       3       57       3  
  3     123       3      205       5      151       0  
  3     249       0       13       0       76       5  
  3     241       0       35       1       46       2  
  3      63       0       86       1       48       1  
  3      99       2      254       2      234       1  
  3      47       3        1       3      152       5  
  3     137       2      157       1       20       0  
  3     146       1      239       2       42       3  
  3      20       4      151       5       91       4  
  3     201       5      117       0      110       4  
  3     237       3       52       1      226       5  
  3     219       1      180       4      111       5  
  3     186       3      240       4        1       2  
  3     253       5       47       0       37       1  
  3     116       4       49       3      251       2  
  3     165       5      170       3      159       2  
  3     120       1        2       4      199       2  
  3     163       5       13       5      229       3  
  3      92       3      110       0       50       1  
  3      26       2      213       2       79       1  
  3     116       2      197       3       39       5  
  3      13       3      139       2      148       1  
  3      56       1      197       2      206       4  
  3     205       0      107       2      158       3  
  3      67       0      242       5      119       3  
  3     211       3      119       1       17       1  
  3     118       5       50       0       62       5  
  3     246       4      117       1      205       3  
  3     149       0        6       2      142       3  
  3      95       4      245       5      193       1  
  3     212       0      213       0       35       3  
  3     157       5      104       5       18       3  
  3     238       2      141       4      233       4  
  3     169       2      181       4      199       0  
  3     125       4      120       3      139       0  
  3      89       1      198       3      245       4  
  3      11       3      174       3      129       0  
  3     165       1      110       3      143       5  
  3      99       5       90       0      133       2  
  3     162       2      100       2      177       5  
  3     251       3      234       0      244       5  
  3     131       2        9       1       66       1  
  3      38       1      102       4      207       2  
  3       8       0      150       2      255       1  
  3     166       3      188       1      226       1  
  3     143       0       28       2       90       3  
  3     106       3       51       4      128       4  
  3     180       0      164       5       85       3  
  3      47       5       53       0      128       1  
  3      92       2       34       2      108       1  
  3     185       5       17       2       76       2  
  3      42       4      124       1       38       0  
  3      44       1       27       3      124       4  
  3     250       5      121       2      183       2  
  3     145       0       72       0      167       5  
  3      54       3      103       3       73       1  
  3      60       4       66       5      201       3  
  3     204       3      116       3      151       4  
  3      79       3       25       4      220       3  
  3      10       2       45       3       28       3  
  3     181       1      206       2       26       0  
  3     227       2       50       4       75       1  
  3      59       3       46       5       14       5  
  3     218       2      147       5      212       5  
  3      32       2      201       4      173       0  
  3     234       2       52       3       43       0  
  3     178       0      106       1      117       2  
  3     160       0      240       5      182       3  
  3     250       4      170       0      185       4  
  3     141       3       16       4       88       2  
  3      32       3      141       1      148       0  
  3     210       0       19       3      236       2  
  3     121       3      213       1       16       3  
  3     114       0      210       2       62       2  
  3     190       3      142       5       59       0  
  3     108       4       26       4        7       3  
  3     216       5      211       0       16       5  
  3     141       0      123       4       56       0  
  3      42       5      112       3       97       5  
  3     134       5      161       0      164       2  
  3      10       4      144       5      144       0  
  3     195       1       80       5      231       5  
  3      98       5      170       2        1       0  
  3       4       5      230       2      157       4  
  3     113       0       81       2      233       2  
  3     102       0       56       4       80       3  
  3     186       1      100       4      204       2  
  3     149       2       29       0       27       1  
  3     104       2       64       0      147       2  
  3      74       4       55       0       51       0  

/*description of cnodes *
* in the following format *
* cnodedegree          *
* tonode tosocket...  */
  6     339       2       60       0      222       0  
        315       0       83       2      296       0  
  6     504       2      198       0      434       2  
        427       1      103       1      121       2  
  6     134       2      192       2      360       1  
         96       2      438       1      147       1  
  6     156       1      322       2      269       1  
        359       0      320       2      193       0  
  6      46       0        5       2      365       0  
          8       2      286       2      505       0  
  6      93       0      314       2      176       0  
         23       0      412       1      410       2  
  6     336       2      391       0      450       1  
         45       2      112       0      381       2  
  6     183       1       81       1       87       0  
        497       2       66       0      335       2  
  6     465       0       53       2      277       0  
        231       2      163       2      328       0  
  6     237       0      463       1      207       2  
        108       0       76       1       74       2  
  6     263       1       90       2      481       0  
         38       1      502       0       60       1  
  6     230       1      226       0      236       1  
        458       0      173       2      340       1  
  6     303       0      377       2      116       1  
        226       2      192       1      334       2  
  6     423       1      291       2      409       0  
        443       0      160       0      439       1  
  6     119       1       94       2      383       1  
        345       1      178       0      484       2  
  6     278       1      245       0      223       2  
        326       2       27       0       96       0  
  6      42       0      352       0       67       1  
        494       2      491       1      498       2  
  6      70       2      447       2      472       1  
        230       2      386       1      301       1  
  6     371       0      326       0        4       0  
        453       2        6       0      399       2  
  6     123       0      225       0       87       1  
        493       1      197       0      409       2  
  6     428       2      170       1        3       1  
        264       1      430       0       97       2  
  6     271       2       47       0       58       2  
        408       0       81       0      256       1  
  6     134       0      105       0      310       0  
        414       2      309       0      318       1  
  6     136       1      366       1      245       1  
         76       2      328       1        4       1  
  6     300       2      144       1      319       2  
         61       1      150       0      184       1  
  6     220       1      401       0      198       1  
        204       1      480       1      313       0  
  6     482       2       12       0      441       0  
        138       2      497       1      103       2  
  6     121       1      509       2      115       1  
        474       1       14       2      308       2  
  6      43       2      191       1      467       1  
        481       2      144       0      266       0  
  6     509       1       77       2      283       0  
        113       2      259       0      187       2  
  6     136       2      418       0      325       1  
        105       2      368       1      380       0  
  6     304       0      176       1       65       2  
        276       2      311       2       15       0  
  6     168       2      292       1      486       0  
        492       0       35       0      383       0  
  6     219       1      135       0      294       2  
         28       2       71       2      374       2  
  6     270       2      194       1      471       1  
          0       2      117       2      265       0  
  6     265       2      424       1      289       1  
        452       2       92       0      153       0  
  6     327       2      366       2      199       0  
        249       0      243       1      223       0  
  6     242       0      435       2       26       1  
        217       2      234       0      398       1  
  6     473       2      464       0      184       0  
        201       2      203       0      202       2  
  6     126       1      225       1      249       2  
        211       0       88       0      442       2  
  6      39       0      347       2       71       1  
        185       0       77       0       69       0  
  6     132       1      226       1      205       2  
        303       1      419       2       53       0  
  6      94       0      369       0      417       0  
        429       2      473       0      500       0  
  6     487       2      243       2       61       0  
        270       1      132       2      283       1  
  6     224       0      474       0       50       2  
         40       1      290       2       20       0  
  6      59       1      344       1      101       1  
        481       1      185       1      419       0  
  6     339       1      358       0      424       2  
        310       2      332       1      484       1  
  6     435       1      356       1      193       1  
        427       0      384       0      470       0  
  6      91       1      425       2       19       1  
        186       0      244       2      332       2  
  6     241       2      252       2       54       2  
        436       1      355       1      236       2  
  6     448       1      440       2      313       1  
        158       1      483       1      286       1  
  6     511       2      289       0      318       0  
        404       1      468       1       54       1  
  6     338       0      432       1        3       2  
        487       1      407       2      385       0  
  6     470       1      140       2       84       1  
        148       0       63       1      415       0  
  6     318       2      417       2      293       2  
        477       0      320       0      329       2  
  6     511       1       58       1       78       1  
         89       2      253       2      141       2  
  6     499       2      444       0      191       2  
        198       2      507       1      182       0  
  6     233       1      356       2      307       1  
        421       2       72       0      239       2  
  6     180       2       30       0      403       0  
        282       1       31       2       39       2  
  6     496       2       90       0      268       1  
        484       0       41       2       17       0  
  6     299       1      220       2      247       1  
        213       1      478       0       22       0  
  6     106       2      158       0      189       2  
        403       2       10       0      203       2  
  6     170       0       74       1      495       2  
        209       2       13       1      448       2  
  6     425       0      125       0      114       2  
         51       1      227       2      141       0  
  6     510       1      140       0       57       0  
        211       2       52       2      357       2  
  6     190       1      135       2      224       1  
        109       2      195       0      238       1  
  6     316       1      463       2      268       0  
         56       2      233       2      478       1  
  6     446       0       95       0      361       2  
        325       2      283       2      282       0  
  6     399       0       33       2      208       0  
         68       2      238       2      361       0  
  6     234       2      396       0      353       1  
        294       0      419       1      155       0  
  6     346       0      213       2       25       2  
          1       1      174       2      146       2  
  6     284       1      210       2      263       2  
        320       1        1       2      348       0  
  6     476       1      177       1      386       0  
         68       0      331       2      347       0  
  6     138       0      477       2       80       0  
        206       2      342       1      257       2  
  6     242       1      393       2       24       2  
        146       0      511       0       35       1  
  6     235       0      483       2      188       2  
          2       1      154       2      395       0  
  6     355       2      311       0      472       2  
        378       0       82       0      423       2  
  6     280       0      366       0      353       2  
        246       1      258       1      113       1  
  6      99       1      296       2       87       2  
        373       0      357       1       64       1  
  6     168       0      441       2      129       1  
        480       0      156       2      282       2  
  6     137       0      175       2      188       1  
        507       2      330       1      503       1  
  6     410       0       40       2      506       1  
        160       2       63       0      337       1  
  6      98       0      112       1      287       2  
        165       2      219       0       38       0  
  6     279       0      314       1      148       2  
        352       1      243       0      293       0  
  6     389       2      214       1       44       1  
        181       0      316       0      397       1  
  6     394       1       73       0      162       0  
        469       2      232       1      311       1  
  6     104       0      425       1      391       2  
        384       2      332       0      400       2  
  6      27       1      394       0      153       2  
        210       0      219       2      216       2  
  6     358       1       19       2      491       2  
         92       1      208       2      239       1  
  6     231       0      457       0       34       2  
         37       1      123       2      124       1  
  6     460       1       70       0      249       1  
        467       2      309       2      135       1  
  6     346       1      413       2      115       2  
        370       2      430       2       16       2  
  6     188       0      216       0      471       0  
        440       0      365       2      103       0  
  6      83       0      162       2       43       0  
        245       2      361       1      142       0  
  6     348       2      137       1      196       2  
        169       0      279       2      200       2  
  6     350       0      407       1      362       2  
        131       0      451       0      273       1  
  6     252       0      343       0        6       2  
         26       0       79       1      107       2  
  6     147       0      212       0      281       1  
        321       2      109       1      500       2  
  6     263       0      228       0      171       1  
        145       0      357       0      504       0  
  6      49       0      180       1      426       0  
        356       0        3       0      460       0  
  6     159       1      367       0      461       1  
        398       2      508       1      173       0  
  6     128       2      367       1      133       0  
        389       0      151       2      140       1  
  6     507       0       95       2      405       1  
        253       0      464       1      110       1  
  6     358       2      215       1      285       0  
        477       1      341       1      285       1  
  6      21       2      203       1      510       0  
         49       2       11       1      453       1  
  6      17       2      116       2      329       1  
        130       2      158       2      278       2  
  6     114       1      488       1       77       1  
        468       0       86       2      179       1  
  6     299       2      235       1      445       1  
        195       2      108       1      414       1  
  6     180       0      471       2      315       1  
        117       0      497       0      111       2  
  6     293       1       86       0      204       2  
        284       2       21       0      352       2  
  6     440       1      391       1      269       0  
        459       1      431       2      259       2  
  6     205       1      390       1      289       2  
        124       2      375       0      433       2  
  6     164       2       29       2       13       0  
        500       1      167       2      392       2  
  6     506       0      401       2       28       1  
        334       0      139       0      371       1  
  6     495       0      169       2      240       0  
        223       1      157       0       16       0  
  6     195       1      215       2       79       0  
         89       1      308       0      131       2  
  6     165       1       31       0      442       0  
        479       1      436       0      307       2  
  6     431       1      449       1      488       2  
        117       1      183       0      106       0  
  6     316       2      397       2      336       0  
        199       2       37       2      448       0  
  6      66       2      447       1      190       0  
        446       2      286       0      267       0  
  6     351       1      438       0       28       0  
        456       1      128       1       42       1  
  6     206       1      265       1      475       1  
        494       0      378       1      415       1  
  6      17       1       52       0      306       1  
          7       1      407       0       10       2  
  6     288       2      160       1      209       1  
        422       0      499       1      146       1  
  6     277       1      473       1      208       1  
        365       1      474       2      388       0  
  6     168       1      257       1      276       0  
        100       2      456       0       29       1  
  6     339       0      368       2      241       0  
         45       1      333       1      305       1  
  6     367       2      126       0      404       0  
         69       1       51       2      274       1  
  6     270       0      470       2      375       1  
        222       1      468       2      342       0  
  6     458       2       91       0      364       2  
        261       1      406       2      269       2  
  6     213       0      275       0       33       0  
        139       1      390       0      376       2  
  6     193       2      242       2      463       0  
          0       1      229       0       96       1  
  6     231       1      181       2       76       0  
        156       0      108       2       53       1  
  6     206       0      267       1      460       2  
        351       2      302       0      209       0  
  6     131       1      333       0      218       1  
         55       2      373       1      501       0  
  6     284       0      144       2      163       0  
        152       2      380       1      402       0  
  6     372       1        4       2      236       0  
        273       0      324       0      111       1  
  6      97       1      394       2      428       0  
        129       2       25       1      393       1  
  6     184       2      377       0      345       0  
        166       0      384       1        7       0  
  6     456       2      167       0      443       1  
        177       0      298       1       50       1  
  6      54       0      396       1      145       2  
        212       2      387       2      271       0  
  6     499       0      492       1       14       1  
        491       0      454       1       89       0  
  6      51       0       91       2      381       1  
        450       2      402       1      496       1  
  6     467       0      380       2      272       1  
        275       2       85       0      459       2  
  6     502       2       48       1       97       0  
        415       2      130       0      502       1  
  6     476       0      395       2      251       1  
         50       0      275       1       16       1  
  6     102       0      429       0      268       2  
        387       0      337       0      122       1  
  6     102       1      182       2      510       2  
         35       2      360       0      485       1  
  6     492       2      443       2      338       2  
        317       1      115       0      393       0  
  6     450       0      406       0      509       0  
        399       1      325       0       48       2  
  6      93       1       49       1      465       1  
        155       1      229       1      301       0  
  6     422       2       67       0      176       2  
        379       0      479       2      430       1  
  6      39       1      281       2      334       1  
        342       2      266       1      427       2  
  6     329       0      151       1        6       1  
        295       1      191       0       12       2  
  6      20       2      157       1      110       0  
        218       2       40       0      344       2  
  6     224       2      309       1      408       2  
         90       1      142       2      170       2  
  6      84       2      262       2      298       0  
         23       1      321       0      241       1  
  6     319       1      428       1      154       1  
         79       2      505       2      453       0  
  6     323       1      312       0      411       2  
        445       2      234       1       45       0  
  6      32       1      375       2      437       2  
         72       2      420       0      134       1  
  6     489       0      385       2      322       1  
         27       2       15       1      300       1  
  6     501       1      412       2      167       1  
        204       0       22       1        0       0  
  6     287       0      302       1      461       0  
        232       0      381       0      112       2  
  6     287       1      175       1      354       0  
        387       1       78       2      439       0  
  6     221       0      385       1      501       2  
        133       2      118       0      469       1  
  6      68       1      459       0       41       0  
         34       0      298       2      437       0  
  6      42       2      232       2      228       2  
        466       0      225       2      150       1  
  6      18       2      379       2      237       2  
        335       1      197       1      476       2  
  6     215       0      297       1      290       0  
        274       0       94       1      323       2  
  6       9       2       85       1      455       0  
        190       2      403       1      317       0  
  6     490       1       29       0      504       1  
        437       1      288       0      364       1  
  6     222       2      354       2      413       0  
        248       1       73       1      280       2  
  6     149       0      331       0      253       1  
        230       0       98       2      248       2  
  6     486       2      364       0      378       2  
        400       1      347       1      235       2  
  6     186       2      173       1       55       0  
        458       1      292       0      200       1  
  6      47       2      145       1      260       2  
        398       0      130       1      330       2  
  6     359       1      227       1      106       1  
        306       2      340       0      120       0  
  6     186       1      376       1       95       1  
        369       2      207       0      461       2  
  6     488       0      333       2      295       0  
        355       0      110       2      271       1  
  6     377       1      237       1       75       1  
         65       1      319       0       30       2  
  6     469       0      261       2      183       2  
        296       1      433       1      111       0  
  6     326       1      482       0      165       0  
        406       1      455       1       92       2  
  6     416       1      250       2      175       0  
        489       2      172       2      416       0  
  6     143       2      159       2      475       2  
         15       2       98       1      118       2  
  6     349       0        2       0      252       1  
        371       2      328       2      119       2  
  6     348       1      239       0       80       2  
         63       2      490       2      472       0  
  6     122       0      508       0      392       1  
        434       0      350       1      189       1  
  6     187       1      299       0      376       0  
        343       1       21       1      159       0  
  6     258       0      466       1      116       0  
        345       2      220       0       65       0  
  6     153       1      256       0       41       1  
         48       0      315       2      411       0  
  6     369       1      174       0      128       0  
        496       0      143       0      300       0  
  6     273       2       60       2      401       1  
        196       1      210       1      404       2  
  6      66       1      255       0      255       2  
        161       1      185       2      179       2  
  6     197       2      451       2       52       1  
         31       1      291       1      212       1  
  6     349       2       14       0      251       2  
        350       2      113       0       62       1  
  6     382       0      503       0      274       2  
         19       0      141       1       61       2  
  6     152       1      397       0      344       0  
        392       0       64       0      124       0  
  6     294       1      327       0      444       1  
        442       1      414       0      324       1  
  6     285       2      262       1      149       2  
        457       1      362       0       36       0  
  6     455       2      373       2      438       2  
         88       2      260       0      321       1  
  6      12       1        2       2      363       2  
        374       0      383       2      313       2  
  6     196       0       69       2       22       2  
        478       2      486       1      431       0  
  6     353       0      143       1      317       2  
        413       1      201       0      199       1  
  6      10       1      267       2       37       0  
        120       1      151       0       81       2  
  6     189       0      172       0      508       2  
        479       0      363       1       80       1  
  6     445       0      382       1      409       1  
        449       2      363       0      422       1  
  6      93       2      136       0      482       1  
        125       1      444       2      340       2  
  6     174       1      216       1      464       2  
         55       1      247       0      322       0  
  6     388       1       99       0      258       2  
        211       1      109       0      418       2  
  6       7       2      147       2      312       1  
         73       2      418       1      411       1  
  6     493       0      178       1      495       1  
        421       1       57       1      163       1  
  6     498       1      121       0      359       2  
        447       0      372       2       75       2  
  6     452       0      386       2      166       2  
        281       0       38       2      485       2  
  6     452       1      494       1      441       1  
        388       2      172       1      179       0  
  6     290       1       67       2      420       1  
        161       0      127       1       72       1  
  6     107       1      360       2      304       1  
        351       0      280       1      261       0  
  6     389       1      240       1      408       1  
        118       1      246       0      498       0  
  6     178       2      395       1      221       1  
         36       2      417       1       64       2  
  6     129       0      101       0      485       0  
        100       0      331       1      338       1  
  6     104       1      433       0      402       2  
         36       1      255       1       78       0  
  6     142       1       71       0      354       1  
        480       2       18       0      324       2  
  6     278       0       24       1      262       0  
        327       1       20       1      152       0  
  6      32       2      177       2      372       0  
        119       0      233       0      379       1  
  6     101       2       34       1      306       0  
        297       0       24       0      123       1  
  6     104       2       86       1      154       0  
        250       1      207       1      266       2  
  6     362       1      254       2      201       1  
        227       0      312       2       82       1  
  6     161       2      466       2      276       1  
        127       2      254       0      432       2  
  6     171       2        5       1      483       0  
        288       1      218       0      291       0  
  6      46       1      214       2      148       1  
        162       1      126       2        9       1  
  6     164       0      157       2      138       1  
        439       2       84       0       13       2  
  6      88       1      370       0      505       1  
        248       0       62       0      292       2  
  6      59       2      304       2      240       2  
         18       1       85       2      503       2  
  6      44       0       44       2      256       2  
        221       2       56       0      254       1  
  6      99       2      244       1      506       2  
        420       2      454       2      244       0  
  6     462       1      426       2      487       0  
        297       2      205       0        8       0  
  6      30       1       11       2      120       2  
        132       0       74       0      182       1  
  6     308       1       33       1      493       2  
        330       0      279       1      194       2  
  6      75       0      374       1      155       2  
        432       0      323       0      349       1  
  6      82       2      405       0      454       0  
        181       1      229       2        8       1  
  6     187       0       46       2      429       1  
        302       2       57       2      305       2  
  6      32       0      421       0      260       1  
        337       2      434       1      489       1  
  6     424       0      202       1      400       0  
         83       1        1       0      125       2  
  6     307       0       62       2      370       1  
        247       2       26       2      446       1  
  6     251       0      264       0      277       2  
        171       0      150       2      228       1  
  6     217       0      257       0      343       2  
        396       2      382       2      462       2  
  6      70       1      169       1      114       0  
        272       2      457       2      451       1  
  6     310       1      335       0      217       1  
        390       2      449       0      127       0  
  6      58       0       11       0       43       1  
        100       1       59       0      194       0  
  6     416       2      166       1      139       2  
        410       1       23       2      272       0  
  6     423       0      133       1      164       1  
         25       0      122       2      192       0  
  6     346       2      341       0      259       1  
        246       2      490       0      475       0  
  6      47       1      301       2      436       2  
        462       0      305       0      102       2  
  6     137       2        5       0      295       2  
        149       1      314       0      200       0  
  6     105       1      303       2      368       0  
        336       1      107       0      435       0  
  6     202       0      412       0      426       1  
        214       0      238       0       56       1  
  6     250       0      465       2      341       2  
          9       0      405       2      264       2  


-1

/* information for encoder *
* gap [-1 indicates no info] *
* inverse of phi row by row */
-1
