/****************************
*Description File of a Code *
******************************/

/*vnodednum and cnodenum*/
    408     204

/* vdegreesnum and cdegreesnum */
      1       1

/* vmaxdegree and cmaxdegree */
      3       6

/* list of vnode degrees */
  3 408

/* list of cnode degrees */
  6 204

/*description of vnodes *
* in the following format *
* vnodedegree          *
* tonode tosocket...  */
  3     110       0       53       0      177       0  
  3     104       0       73       0       70       0  
  3      22       0       87       0      104       1  
  3      16       0        0       0       97       0  
  3      75       0      135       0       51       0  
  3      78       0      114       0       62       0  
  3     147       0       47       0      179       0  
  3     100       0       68       0       12       0  
  3      51       1        8       0      157       0  
  3      91       0       99       0       84       0  
  3     106       0      143       0      138       0  
  3      20       0      173       0       56       0  
  3      73       1       84       1      110       1  
  3     178       0        9       0      195       0  
  3      53       1      103       0      113       0  
  3      62       1       67       0      170       0  
  3     179       1      180       0        0       1  
  3      45       0      119       0       23       0  
  3      64       0      128       0      143       1  
  3     153       0      117       0       47       1  
  3      15       0       91       1      102       0  
  3      68       1      160       0       66       0  
  3      31       0        7       0      181       0  
  3      35       0      181       1       52       0  
  3      27       0      148       0       73       2  
  3      81       0      176       0       26       0  
  3       9       1       78       1       82       0  
  3      59       0      155       0      114       1  
  3     146       0       40       0       25       0  
  3      71       0       89       0      162       0  
  3     200       0      150       0       17       0  
  3      67       1      146       1       13       0  
  3      55       0       58       0       22       1  
  3      61       0       33       0       63       0  
  3     190       0      142       0      183       0  
  3      17       1       50       0       43       0  
  3     167       0      198       0       81       1  
  3     150       1      122       0      159       0  
  3     152       0      168       0      161       0  
  3      42       0      101       0        6       0  
  3     158       0       20       1       80       0  
  3      19       0       25       1      176       1  
  3      38       0      188       0       32       0  
  3     133       0       60       0       19       1  
  3     135       1       82       1      156       0  
  3      93       0       79       0       68       2  
  3     160       1        4       0      188       1  
  3      54       0        3       0      111       0  
  3     155       1       98       0      137       0  
  3       6       1      171       0      134       0  
  3     164       0      136       0      103       1  
  3      29       0       85       0       86       0  
  3     195       1       41       0       78       2  
  3      99       1      107       0      122       1  
  3     102       1      174       0       21       0  
  3     159       1      165       0       41       1  
  3       7       1       37       0       99       2  
  3     105       0       35       1       45       1  
  3       1       0      116       0        8       1  
  3     182       0      130       0      184       0  
  3     165       1       66       1      148       1  
  3      11       0       43       1      135       2  
  3     193       0       12       1        7       2  
  3      30       0       97       1      151       0  
  3      12       2       55       1       95       0  
  3       8       2      182       1      140       0  
  3     121       0        6       2       85       1  
  3     156       1      145       0      185       0  
  3     107       1       11       1      158       1  
  3     161       1       31       1       77       0  
  3      34       0      192       0       74       0  
  3      72       0      126       0       87       1  
  3     180       1      194       0      149       0  
  3       5       0      106       1      127       0  
  3     139       0      197       0        1       1  
  3     202       0      129       0       34       1  
  3      43       2      164       1      193       1  
  3     116       1       93       1        5       1  
  3     127       1       27       1       55       2  
  3      23       1      110       2      197       1  
  3      40       1       74       1      169       0  
  3     120       0       57       0       24       0  
  3      74       2       76       0      199       0  
  3     151       1       96       0       33       1  
  3      69       0      163       0       76       1  
  3     145       1       81       2      202       1  
  3     129       1      139       1      172       0  
  3      47       2      137       1      132       0  
  3      90       0      140       1      173       1  
  3      96       1      193       2      189       0  
  3      80       1       46       0       31       2  
  3      94       0       56       1       60       1  
  3     132       1       14       0      180       2  
  3      95       1      105       1       37       1  
  3      46       1       88       0       65       0  
  3     125       0      189       1      196       0  
  3     123       0      196       1       28       0  
  3      21       1       75       1       64       1  
  3     162       1      124       0      171       1  
  3     166       0       26       1       98       1  
  3      83       0        2       0       58       1  
  3     174       1      120       1       54       1  
  3     131       0      102       2      160       2  
  3     136       1        1       2       39       0  
  3     137       2       36       0       50       1  
  3      49       0      190       1       10       0  
  3     196       2       44       0      128       1  
  3     141       0      113       1      129       2  
  3     197       2       83       1      117       1  
  3     130       1       38       1      150       2  
  3      24       1      154       0       27       2  
  3      10       1       23       2       35       2  
  3     188       2      104       2       20       2  
  3     189       2       69       1       89       1  
  3     192       1       63       1      194       1  
  3     199       1      175       0       96       2  
  3      66       2      121       1      201       0  
  3     117       2      172       1       75       2  
  3     134       1       18       0      108       0  
  3     175       1       34       2       71       1  
  3      77       1       90       1      101       1  
  3     108       1      132       2       38       2  
  3     183       1      123       1        4       1  
  3     118       0       95       2      141       1  
  3     201       1      177       1      112       0  
  3      56       2       10       2       92       0  
  3     111       1       48       0      165       2  
  3      58       2      144       0      178       1  
  3      26       2      131       1      126       1  
  3      32       1      178       2       11       2  
  3      48       1      166       1      200       1  
  3     114       2      153       1      203       0  
  3       4       2      118       1       40       2  
  3     187       0       80       2      190       2  
  3      76       2       51       2        9       2  
  3     149       1      183       2       48       2  
  3     185       1       61       1       91       2  
  3     157       1      149       2      174       2  
  3     112       1       22       2      123       2  
  3       0       2       19       2      154       1  
  3     144       1      109       0       36       1  
  3      60       2       17       2       16       1  
  3      92       1      202       2       42       1  
  3      52       1      187       1       53       2  
  3     124       1      191       0       59       1  
  3     138       1       92       2       57       1  
  3     148       2      134       2      124       2  
  3       2       1      112       2       61       2  
  3     119       1      156       2      191       1  
  3     142       1      199       2      120       2  
  3     191       2       28       1       69       2  
  3      33       2      100       1       18       1  
  3      44       1      108       2      100       2  
  3     154       2      158       2      109       1  
  3     170       1       16       2      144       2  
  3     140       2        5       2       79       1  
  3      65       1      169       1      175       2  
  3     103       2      151       2       29       1  
  3      37       2       70       1      155       2  
  3     122       2      111       2      182       2  
  3     172       2      115       0      142       2  
  3      88       1       86       1      139       2  
  3      97       2      170       2       49       1  
  3      98       2      184       1      153       2  
  3     198       1       15       1      146       2  
  3      84       2      159       2      107       2  
  3      85       2       65       2      168       1  
  3     126       2       77       2      115       1  
  3     184       2      147       1      118       2  
  3      39       1       71       2      116       2  
  3     176       2       32       2      105       2  
  3     177       2       49       2      163       1  
  3     143       2      200       2      192       2  
  3     186       0      133       1      152       1  
  3      28       2       21       2      164       2  
  3     203       1      161       2      131       2  
  3       3       1      167       1       90       2  
  3     194       2       54       2      145       2  
  3      36       2      186       1       30       1  
  3      63       2       59       2        3       2  
  3      82       2       64       2      167       2  
  3     173       2      125       1      198       2  
  3     115       2      195       2       46       2  
  3      89       2       30       2      125       2  
  3      70       2      152       2       93       2  
  3     168       2       52       2      106       2  
  3     181       2       62       2       83       2  
  3     109       2      141       2       44       2  
  3      25       2       72       1      147       2  
  3     101       2       24       2      187       2  
  3      57       2       42       2      166       2  
  3      79       2       45       2        2       2  
  3      13       1      157       2      130       2  
  3     171       2      127       2       15       2  
  3      14       1       94       1       67       2  
  3      18       2       39       2       72       2  
  3      87       2      201       2      186       2  
  3     163       2      138       2      133       2  
  3      50       2      185       2       88       2  
  3     113       2       29       2      119       2  
  3     169       2      179       2       94       2  
  3     128       2      162       2       14       2  
  3      86       2       13       2      121       2  
  3      41       2      203       2      136       2  
  3      16       3       20       3       37       3  
  3       1       3       59       3       22       3  
  3     202       3       97       3      169       3  
  3      48       3       47       3      185       3  
  3     185       4      113       3      111       3  
  3     155       3      165       3       39       3  
  3      56       3      182       3       42       3  
  3     151       3      135       3      191       3  
  3      58       3      164       3        1       4  
  3      51       3       18       3      201       3  
  3      77       3      149       3      181       3  
  3       9       3      174       3      110       3  
  3     169       4      117       3        8       3  
  3     177       3      150       3       86       3  
  3     131       3      140       3       74       3  
  3       5       3       67       3      160       3  
  3     139       3      152       3       71       3  
  3     193       3       55       3      142       3  
  3     191       4      137       3      138       3  
  3      66       3      103       3       40       3  
  3     122       3       52       3       78       3  
  3     125       3      105       3       18       4  
  3      13       3       51       4       44       3  
  3     200       3      156       3       77       4  
  3      86       4       38       3      167       3  
  3       6       3       64       3      202       4  
  3     102       3       93       3      196       3  
  3      54       3       79       3      107       3  
  3      97       4       68       3       61       3  
  3     128       3       11       3       36       3  
  3     136       3       90       3      125       4  
  3       4       3       53       3      171       3  
  3     157       3      104       3      192       3  
  3      90       4      133       3      148       3  
  3     189       3      120       3       34       3  
  3     105       4      181       4       27       3  
  3     147       3       19       3      173       3  
  3     107       4       88       3        5       4  
  3      88       4      167       4        2       3  
  3     165       4      129       3      140       4  
  3     148       4      201       4      164       4  
  3      49       3      131       4       28       3  
  3      89       3      194       3       13       4  
  3     146       3      155       4       89       4  
  3     176       3      197       3       38       4  
  3      62       3       54       4      134       3  
  3     182       4      195       3      141       3  
  3     166       3      122       4       72       3  
  3     190       3      141       4      200       4  
  3     104       4      184       3      166       4  
  3      40       4      200       5      154       3  
  3      36       4      127       3      120       4  
  3      81       3       34       4      162       3  
  3     119       3       15       3       47       4  
  3     198       3      114       3      150       4  
  3     108       3      144       3      133       4  
  3     113       4      110       4      100       3  
  3      96       3       77       5      163       3  
  3      63       3       86       5      190       4  
  3      44       4      169       5       91       3  
  3      25       3      121       3       14       3  
  3      84       3       57       3      128       4  
  3     181       5        1       5       25       4  
  3     149       4      132       3      176       4  
  3     137       4       70       3       29       3  
  3      27       4      109       3       96       4  
  3      65       3      157       4      153       3  
  3     154       4       41       3      168       3  
  3     175       3       99       3      186       3  
  3       0       3      188       3       17       3  
  3      17       4       33       3      135       4  
  3      60       3       49       4      127       4  
  3     174       4      202       5       75       3  
  3     184       4       44       5       31       3  
  3      12       3      186       4      179       3  
  3     172       3      118       3      145       3  
  3      78       4      124       3      147       4  
  3      55       4       24       3       92       3  
  3     150       5       48       4       21       3  
  3      69       3      107       5      149       5  
  3     152       4       43       3       82       3  
  3     160       4      178       3      103       4  
  3     197       4       56       4       11       4  
  3     101       3      153       4      123       3  
  3      82       4      190       5       83       3  
  3      21       4      179       4       23       3  
  3      32       3       78       5       15       4  
  3     161       3      193       4      184       5  
  3      93       4        6       4       10       3  
  3     127       5      125       5       70       4  
  3      11       5       17       5       50       3  
  3      85       3       87       3      146       4  
  3     170       3       35       3      121       4  
  3     143       3      134       4      109       4  
  3      59       4      198       4      172       4  
  3      37       4       83       4      122       5  
  3      83       5        9       4      170       4  
  3      41       4      115       3       90       5  
  3       7       3       76       3       65       4  
  3     120       5       50       4      159       3  
  3      53       4       62       4       56       5  
  3      28       4       31       4       66       4  
  3      57       4      151       4       54       5  
  3      14       4        2       4       99       4  
  3      38       5      138       4       68       4  
  3      80       3       45       3      183       3  
  3     187       3      146       5       97       5  
  3      79       4      154       5       80       4  
  3      94       3       27       5      112       3  
  3     180       3      189       4      118       4  
  3     138       5       81       4       88       5  
  3     173       4      128       5      177       4  
  3      30       3      145       4       60       4  
  3      35       4      143       4      182       5  
  3      18       5      170       5      198       5  
  3     199       3       32       4      203       3  
  3     111       4        7       4      101       4  
  3     158       3      139       4      102       4  
  3     117       4      177       5       30       4  
  3      19       4       40       5       85       4  
  3      61       4       42       4       43       4  
  3     156       4      176       5       94       4  
  3     201       5      163       4       93       5  
  3     203       4       74       4      175       4  
  3      87       4       96       5       48       5  
  3     129       4      123       4       19       5  
  3      91       4      183       4       35       5  
  3      70       5       92       4      174       5  
  3     115       4       28       5       73       3  
  3      43       5      166       5      151       5  
  3      29       4       13       5       46       3  
  3     144       4      162       4      114       4  
  3     183       5       89       5      129       5  
  3      47       5       63       4      189       5  
  3     179       5       85       5       81       5  
  3      34       5        4       4      131       5  
  3     106       3      119       4       64       4  
  3      50       5      171       4       62       5  
  3      64       5       36       5      195       4  
  3     109       5       73       4        0       4  
  3      39       4       75       4       12       4  
  3     116       3       23       4       95       3  
  3     140       5      196       4      152       5  
  3      46       4       69       4        4       5  
  3     171       5       61       5      104       5  
  3      15       5      147       5      105       5  
  3     132       4       72       4      143       5  
  3      98       3       65       5      115       5  
  3     103       5        8       4       24       4  
  3     162       5      100       4       53       5  
  3     124       4      111       5       76       4  
  3       3       3      112       4      157       5  
  3     141       5        3       4      116       4  
  3     110       5      101       5      137       5  
  3       8       5      185       5       33       4  
  3     112       5       95       4       59       5  
  3     145       5       94       5      158       4  
  3      72       5       37       5      117       5  
  3     164       5       25       5       16       4  
  3     186       5       16       5       45       4  
  3      23       5      175       5       57       5  
  3     178       4       82       5      165       5  
  3      76       5       39       5        6       5  
  3     133       5      180       4       26       3  
  3     196       5       22       4      144       5  
  3     168       4       46       5       84       4  
  3     188       4      187       4      194       4  
  3      92       5       29       5      139       5  
  3     142       4        5       5      119       5  
  3      68       5      126       3        9       5  
  3       2       5      172       5      130       3  
  3     192       4       71       4       52       4  
  3      74       5      148       5       41       5  
  3      22       5      130       4      188       5  
  3      99       5       66       5       58       4  
  3      95       5      106       4        3       5  
  3     118       5      142       5       32       5  
  3     121       5       80       5      106       5  
  3      71       5      168       5      113       5  
  3     130       5      158       5       55       5  
  3     163       5       14       5      197       5  
  3      67       4      192       5      180       5  
  3     135       5      116       5      193       5  
  3      42       5      159       4      108       4  
  3      52       5      161       4       87       5  
  3      31       5       30       5       69       5  
  3      20       4       12       5      155       5  
  3      26       4      173       5      124       5  
  3     153       5        0       5       67       5  
  3     194       5       98       4       79       5  
  3     167       5      108       5      132       5  
  3      45       5      102       5       98       5  
  3     134       5       26       5      187       5  
  3     195       5      203       5        7       5  
  3     126       4      191       5      178       5  
  3      73       5       60       5       63       5  
  3      10       4      160       5       20       5  
  3     114       5       10       5      161       5  
  3     159       5       91       5      136       4  
  3      24       5      136       5       51       5  
  3      75       5       84       5      126       5  
  3     123       5      199       4      156       5  
  3     100       5       21       5      199       5  
  3      33       5       58       5       49       5  

/*description of cnodes *
* in the following format *
* cnodedegree          *
* tonode tosocket...  */
  6       3       1       16       2      139       0  
        273       0      343       2      392       1  
  6      58       0       74       2      103       1  
        205       0      212       2      266       1  
  6     100       1      147       0      191       2  
        242       2      307       1      374       0  
  6      47       1      176       0      179       2  
        355       0      356       1      379       2  
  6      46       1      122       2      132       0  
        235       0      339       1      347       2  
  6      73       0       77       2      155       1  
        219       0      241       2      372       1  
  6      39       2       49       0       66       1  
        229       0      292       1      366       2  
  6      22       1       56       0       62       2  
        302       0      320       1      397       2  
  6       8       1       58       2       65       0  
        216       2      352       1      358       0  
  6      13       1       26       0      134       2  
        215       0      300       1      373       2  
  6     105       2      111       0      125       1  
        292       2      400       0      401       1  
  6      61       0       68       1      129       2  
        233       1      286       2      294       0  
  6       7       2       62       1       64       0  
        278       0      344       2      390       1  
  6      31       2      192       0      202       1  
        226       0      246       2      334       1  
  6      92       1      194       0      201       2  
        264       2      307       0      384       1  
  6      20       0      164       1      193       2  
        257       1      290       2      349       0  
  6       3       0      141       2      154       1  
        204       0      362       2      363       1  
  6      30       2       35       0      141       1  
        273       2      274       0      294       1  
  6     118       1      151       2      195       0  
        213       1      225       2      318       0  
  6      41       0       43       2      139       1  
        240       1      323       0      329       2  
  6      11       0       40       1      112       2  
        204       1      390       0      400       2  
  6      54       2       97       0      174       1  
        282       2      289       0      406       1  
  6       2       0       32       2      138       1  
        205       2      368       1      377       0  
  6      17       2       79       0      111       1  
        289       2      345       1      364       0  
  6      81       2      110       0      189       1  
        281       1      352       2      403       0  
  6      28       2       41       1      188       0  
        264       0      266       2      362       1  
  6      25       2       99       1      128       0  
        367       2      391       0      396       1  
  6      24       0       78       1      110       2  
        239       2      269       0      312       1  
  6      96       2      150       1      174       0  
        245       2      305       0      332       1  
  6      51       0      157       2      199       1  
        268       2      334       0      371       1  
  6      63       0      178       2      183       1  
        316       0      322       2      389       1  
  6      22       0       69       1       90       2  
        277       2      305       1      389       0  
  6      42       2      129       0      170       1  
        290       0      319       1      380       2  
  6      33       1       83       2      151       0  
        274       1      358       2      407       0  
  6      70       0       75       2      119       1  
        238       2      256       1      339       0  
  6      23       0       57       1      111       2  
        296       1      317       0      330       2  
  6     104       1      140       2      178       0  
        233       2      255       0      342       1  
  6      56       1       93       2      158       0  
        204       2      299       0      361       1  
  6      42       0      109       1      121       2  
        228       1      248       2      308       0  
  6     103       2      169       0      195       1  
        209       2      344       0      366       1  
  6      28       1       80       0      132       2  
        223       2      254       0      323       1  
  6      52       1       55       2      203       0  
        271       1      301       0      376       2  
  6      39       0      142       2      190       1  
        210       2      324       1      387       0  
  6      35       2       61       1       76       0  
        284       1      324       2      333       0  
  6     106       1      152       0      187       2  
        226       2      263       0      277       1  
  6      17       0       57       2      191       1  
        309       1      363       2      395       0  
  6      90       1       94       0      182       2  
        334       2      347       0      369       1  
  6       6       1       19       2       87       0  
        207       1      257       2      337       0  
  6     126       1      130       0      135       2  
        207       0      282       1      328       2  
  6     105       0      162       2      171       1  
        245       0      275       1      407       2  
  6      35       1      104       2      198       0  
        294       2      303       1      341       0  
  6       4       2        8       0      134       1  
        213       0      226       1      403       2  
  6      23       2      143       0      185       1  
        224       1      375       2      388       0  
  6       0       1       14       0      143       2  
        235       1      304       0      353       2  
  6      47       0      101       2      177       1  
        231       0      249       1      306       2  
  6      32       0       64       1       78       2  
        221       1      281       0      383       2  
  6      11       2       91       1      125       0  
        210       0      286       1      304       2  
  6      81       1      145       2      190       0  
        265       1      306       0      364       2  
  6      32       1      100       2      127       0  
        212       0      378       2      407       1  
  6      27       0      144       2      179       1  
        205       1      298       0      359       2  
  6      43       1       91       2      141       0  
        275       0      316       2      399       1  
  6      33       0      136       1      147       2  
        232       2      324       0      348       1  
  6       5       2       15       0      186       1  
        249       0      304       1      341       2  
  6      33       2      114       1      179       0  
        262       0      337       1      399       2  
  6      18       0       97       2      180       1  
        229       1      340       2      342       0  
  6      94       2      156       0      166       1  
        270       0      302       2      351       1  
  6      21       2       60       1      116       0  
        223       0      305       2      378       1  
  6      15       1       31       0      194       2  
        219       1      385       0      392       2  
  6       7       1       21       0       45       2  
        232       1      308       2      373       0  
  6      84       0      113       1      150       2  
        283       0      347       1      389       2  
  6       1       2      158       1      184       0  
        268       1      293       2      331       0  
  6      29       0      119       2      169       1  
        220       2      375       1      382       0  
  6      71       0      188       1      195       2  
        251       2      350       1      361       0  
  6       1       1       12       0       24       2  
        332       2      343       1      399       0  
  6      70       2       80       1       82       0  
        218       2      327       1      376       0  
  6       4       0       97       1      117       2  
        276       2      344       1      404       0  
  6      82       1       84       2      134       0  
        302       1      354       2      366       0  
  6      69       2      120       0      167       1  
        214       0      227       2      261       1  
  6       5       0       26       1       52       2  
        224       2      280       0      290       1  
  6      45       1      155       2      191       0  
        231       1      311       0      393       2  
  6      40       2       90       0      133       1  
        309       0      311       2      381       1  
  6      25       0       36       2       85       1  
        256       0      314       1      338       2  
  6      26       2       44       1      180       0  
        284       2      288       0      365       1  
  6     100       0      108       1      186       2  
        288       2      299       1      300       0  
  6       9       2       12       1      165       0  
        265       0      369       2      404       1  
  6      51       1       66       2      166       0  
        295       0      323       2      338       1  
  6      51       2      161       1      202       0  
        217       2      228       0      262       1  
  6       2       1       71       2      196       0  
        295       1      328       0      388       2  
  6      94       1      161       0      198       2  
        241       1      242       0      314       2  
  6      29       1      113       2      183       0  
        246       0      247       2      336       1  
  6      88       0      120       1      176       2  
        234       1      237       0      301       2  
  6       9       0       20       1      136       2  
        263       2      330       0      402       1  
  6     125       2      142       0      145       1  
        281       2      331       1      371       0  
  6      45       0       77       1      184       2  
        230       1      292       0      326       2  
  6      91       0      194       1      200       2  
        312       0      325       2      360       1  
  6      64       2       93       0      123       1  
        345       2      359       1      379       0  
  6      83       1       89       0      115       2  
        261       0      269       2      328       1  
  6       3       2       63       1      162       0  
        206       1      232       0      310       2  
  6      48       1       99       2      163       0  
        351       0      393       1      395       2  
  6       9       1       53       0       56       2  
        272       1      307       2      378       0  
  6       7       0      151       1      152       2  
        260       2      353       1      406       0  
  6      39       1      120       2      189       0  
        287       0      320       2      357       1  
  6      20       2       54       0      102       1  
        230       0      321       2      395       1  
  6      14       1       50       2      157       0  
        223       1      285       2      352       0  
  6       1       0        2       2      112       1  
        236       1      253       0      348       2  
  6      57       0       93       1      170       2  
        225       1      239       0      349       2  
  6      10       0       73       1      185       2  
        340       0      379       1      381       2  
  6      53       1       68       0      165       2  
        231       2      241       0      283       1  
  6     118       2      121       0      152       1  
        259       0      387       2      394       1  
  6     140       1      153       2      187       0  
        269       1      297       2      343       0  
  6       0       0       12       2       79       1  
        215       2      260       1      357       0  
  6      47       2      126       0      159       1  
        208       2      320       0      354       1  
  6     124       2      138       0      147       1  
        312       2      355       1      359       0  
  6      14       2      107       1      199       0  
        208       1      260       0      382       2  
  6       5       1       27       2      131       0  
        258       1      335       2      401       0  
  6     160       1      167       2      182       0  
        301       1      332       0      351       2  
  6      58       1       77       0      169       2  
        345       0      356       2      386       1  
  6      19       1      108       2      117       0  
        216       1      322       0      361       2  
  6     123       0      132       1      168       2  
        279       1      313       2      380       0  
  6      17       1      148       0      199       2  
        257       0      340       1      372       2  
  6      81       0      101       1      149       2  
        238       1      255       2      303       0  
  6      66       0      116       1      202       2  
        264       1      296       2      381       0  
  6      37       1       53       2      159       0  
        224       0      251       1      299       2  
  6      96       0      122       1      138       2  
        287       2      329       1      405       0  
  6      98       1      144       0      146       2  
        280       1      354       0      391       2  
  6      95       0      181       1      183       2  
        225       0      234       2      293       1  
  6      71       1      128       2      167       0  
        373       1      398       0      404       2  
  6      73       2       78       0      193       1  
        255       1      275       2      293       0  
  6      18       1      106       2      201       0  
        233       0      265       2      315       1  
  6      75       1       86       0      107       2  
        243       1      329       0      336       2  
  6      59       1      109       0      192       2  
        374       2      377       1      383       0  
  6     102       0      128       1      175       2  
        218       0      245       1      339       2  
  6      87       2       92       0      121       1  
        267       1      350       0      394       2  
  6      43       0      173       1      197       2  
        237       1      259       2      367       0  
  6      49       2      118       0      146       1  
        249       2      297       1      396       0  
  6       4       1       44       0       61       2  
        211       1      274       2      386       0  
  6      50       1      103       0      203       2  
        234       0      402       2      403       1  
  6      48       2       87       1      104       0  
        222       1      268       0      357       2  
  6      10       2      145       0      197       1  
        222       2      308       1      314       0  
  6      74       0       86       1      161       2  
        220       0      321       1      371       2  
  6      65       2       88       1      155       0  
        218       1      243       2      346       0  
  6     107       0      123       2      187       1  
        250       2      252       1      356       0  
  6      34       1      149       0      160       2  
        221       2      372       0      380       1  
  6      10       1       18       2      172       0  
        297       0      317       1      350       2  
  6     127       1      140       0      154       2  
        259       1      335       0      368       2  
  6      67       1       85       0      177       2  
        279       2      316       1      360       0  
  6      28       0       31       1      164       2  
        247       0      295       2      310       1  
  6       6       0      168       1      188       2  
        240       0      280       2      349       1  
  6      24       1       60       2      146       0  
        237       2      244       0      376       1  
  6      72       2      135       0      137       1  
        214       1      267       0      283       2  
  6      30       1       37       0      109       2  
        217       1      258       2      282       0  
  6      63       2       83       0      157       1  
        211       0      306       1      333       2  
  6      38       0      173       2      184       1  
        220       1      284       0      346       2  
  6      19       0      131       1      163       2  
        270       2      287       1      392       0  
  6     110       1      139       2      153       0  
        254       2      271       0      311       1  
  6      27       1       48       0      158       2  
        209       0      247       1      390       2  
  6      44       2       67       0      148       1  
        227       1      325       0      405       2  
  6       8       2      137       0      192       1  
        236       0      270       1      355       2  
  6      40       0       68       2      153       1  
        321       0      360       2      383       1  
  6      37       2       55       0      165       1  
        303       2      387       1      402       0  
  6      21       1       46       0      102       2  
        219       2      285       0      400       1  
  6      38       2       69       0      175       1  
        291       0      388       1      401       2  
  6      29       2       98       0      201       1  
        256       2      335       1      353       0  
  6      84       1      171       2      197       0  
        261       2      326       1      384       0  
  6      50       0       76       1      174       2  
        212       1      244       2      362       0  
  6      55       1       60       0      126       2  
        209       1      243       0      365       2  
  6      99       0      130       1      190       2  
        251       0      253       2      333       1  
  6      36       0      176       1      180       2  
        228       2      242       1      394       0  
  6      38       1      166       2      185       0  
        271       2      369       0      382       1  
  6      80       2      156       1      200       0  
        206       2      216       0      263       1  
  6      15       2      154       0      162       1  
        296       0      300       2      318       1  
  6      49       1       98       2      193       0  
        235       2      341       1      348       0  
  6      86       2      117       1      160       0  
        279       0      298       2      374       1  
  6      11       1       88       2      181       0  
        240       2      315       0      391       1  
  6      54       1      101       0      137       2  
        215       1      276       0      331       2  
  6     115       1      119       0      156       2  
        272       0      327       2      364       1  
  6      25       1       41       2      170       0  
        248       0      267       2      325       1  
  6       0       2      124       1      171       0  
        217       0      315       2      322       1  
  6      13       0      127       2      129       1  
        285       1      365       0      398       2  
  6       6       2       16       0      200       1  
        278       2      289       1      338       0  
  6      16       1       72       0       92       2  
        313       0      367       1      385       2  
  6      22       2       23       1      186       0  
        214       2      239       1      266       0  
  6      59       0       65       1      159       2  
        210       1      250       0      317       2  
  6      34       2      122       0      135       1  
        309       2      330       1      336       0  
  6      59       2      163       1      168       0  
        253       1      277       0      291       2  
  6      67       2      136       0      198       1  
        207       2      208       0      358       1  
  6     173       0      178       1      196       2  
        272       2      278       1      363       0  
  6     133       0      143       1      189       2  
        310       0      370       1      396       2  
  6      42       1       46       2      112       0  
        273       1      370       0      377       2  
  6      89       2       95       1      113       0  
        238       0      313       1      337       2  
  6      34       0      105       1      133       2  
        252       0      262       2      288       1  
  6     144       1      148       2      150       0  
        211       2      222       0      398       1  
  6      70       1      114       0      172       2  
        236       2      375       0      385       1  
  6      62       0       76       2       89       1  
        221       0      291       1      386       2  
  6      72       1      114       2      177       0  
        246       1      370       2      393       0  
  6      13       2       52       0      182       1  
        250       1      342       2      397       0  
  6      95       2       96       1      106       0  
        230       2      346       1      368       0  
  6      74       1       79       2      108       0  
        248       1      286       0      384       2  
  6      36       1      164       0      181       2  
        258       0      298       1      318       2  
  6      82       2      115       0      149       1  
        319       0      405       1      406       2  
  6      30       0      130       2      172       1  
        227       0      252       2      254       1  
  6     116       2      124       0      196       1  
        213       2      244       1      326       0  
  6      75       0       85       2      142       1  
        206       0      229       2      276       1  
  6     131       2      175       0      203       1  
        319       2      327       0      397       1  


-1

/* information for encoder *
* gap [-1 indicates no info] *
* inverse of phi row by row */
0

-1
